Média	Melhor		Média	Melhor		Média	Melhor
13,755	23		13,755	23		1,884	8
15,62	27		16,17	27		2,806	8
17,34	27		18,315	27		3,782	8
19,145	28		20,78	28		4,764	9
20,945	30		22,565	31		5,586	11
22,395	32		24,5	31		6,566	13
24,22	38		26,29	36		7,438	14
26,375	34		28,695	36		8,324	14
28,245	36		30,835	37		9,298	15
29,42	37		32,675	38		10,34	16
31,345	39		33,92	39		11,224	18
32,595	40		35,78	41		12,258	19
33,725	43		37,15	44		13,32	19
34,91	42		38,485	45		14,334	21
36,045	44		39,975	47		15,208	22
37,41	44		41,395	47		16,244	23
38,405	47		42,885	49		17,08	24
39,785	46		44,37	51		17,972	25
41,13	49		45,51	52		19,064	26
41,985	50		46,69	52		20,202	26
43,31	50		47,855	53		21,102	28
44,44	52		49,005	55		22,108	29
45,715	54		50,255	55		22,852	30
46,82	54		51,285	56		23,644	30
47,725	55		52,465	56		24,538	32
49,16	57		53,335	58		25,428	33
50,5	58		54,195	58		26,224	33
51,705	61		54,855	59		27,126	33
52,975	63		55,885	60		27,95	35
54,1	64		56,91	62		28,59	35
55,325	64		57,85	62		29,28	36
56,18	63		58,72	64		29,86	36
57,295	64		59,63	64		30,33	37
58,565	65		60,49	65		30,904	38
59,72	67		61,285	67		31,464	38
60,665	66		62,175	68		32,01	41
61,4	66		63,02	68		32,812	41
62,18	67		64,045	68		33,336	41
62,89	68		64,69	68		33,748	41
63,485	71		65,375	69		34,326	41
64,4	71		65,99	69		34,63	41
65,17	72		66,72	74		35,19	42
66,085	72		67,56	74		35,766	43
66,945	74		68,015	74		36,198	43
67,66	74		69,17	75		36,734	43
68,57	75		70,065	75		37,198	43
69,33	75		71,47	77		37,702	44
70,08	76		72,485	78		38,138	44
71,045	77		73,53	78		38,68	44
71,905	77		74,3	79		39,108	45
72,605	81		75,21	79		39,396	47
73,065	81		75,925	81		39,75	47
73,9	81		76,56	81		39,974	47
74,42	80		77,845	82		40,436	47
75,055	81		78,575	84		40,788	48
75,875	82		79,455	85		41,144	48
76,165	82		80,255	86		41,224	48
76,885	83		81,26	86		41,418	48
77,745	84		82,23	87		41,934	50
78,31	84		83,065	88		42,228	50
79,195	87		83,815	90		42,584	50
80	88		84,66	90		42,824	50
81,085	88		85,09	91		42,984	50
81,645	92		86,025	93		43,6	51
82,705	91		87,235	93		44,2	51
83,555	93		88,11	95		44,604	51
84,285	92		89,16	95		44,91	52
85,34	91		90,095	95		45,37	53
86,01	91		91,245	96		45,914	53
86,685	92		92,025	97		46,316	53
87,03	95		92,665	99		46,554	54
87,73	95		93,895	100		46,54	54
88,395	94		94,725	100		47,004	54
88,725	95		95,625	101		47,182	55
89,215	96		96,53	101		47,324	55
89,625	96		97,315	102		47,696	55
90,21	97		97,7	103		47,99	55
90,67	97		98,475	103		48,012	55
91,09	97		99,14	103		48,266	55
91,575	99		99,505	104		48,47	55
92,145	99		100,43	106		48,766	55
92,82	98		100,845	106		48,764	55
93,22	99		101,23	106		48,964	56
93,86	100		101,955	106		49,138	56
94,59	101		102,55	106		49,356	56
95,105	101		103,09	108		49,508	56
95,575	101		103,54	109		49,77	56
96,08	103		103,935	109		49,852	56
96,88	104		104,425	111		49,958	57
97,545	106		105,06	111		50,092	57
98,46	106		105,81	114		50,284	57
99,01	108		106,46	114		50,414	57
100,02	108		107,4	115		50,378	57
100,95	107		108,565	117		50,404	57
101,575	110		109,845	119		50,414	59
102,18	111		110,86	119		50,284	59
102,985	111		111,73	119		50,592	59
104,23	113		112,765	119		50,806	59
105,02	114		113,885	120		51,014	59
105,26	113		114,895	120		51,232	59
105,87	113		116,055	121		51,39	59
106,65	114		116,605	122		51,466	59
107,33	115		117,17	122		51,826	60
107,985	116		117,835	123		52,112	60
108,74	116		118,41	123		52,466	60
109,405	116		118,78	125		52,61	60
110,04	117		119,31	125		52,996	60
110,525	118		120,185	126		53,102	60
110,98	118		121,01	127		53,034	60
111,39	118		121,44	127		53,286	60
111,7	118		121,58	127		53,56	61
112,045	118		122,17	127		53,856	61
112,44	119		122,9	128		53,912	61
112,73	120		123,355	128		54,26	61
113,245	119		123,83	128		54,51	61
113,8	119		124,35	128		54,708	61
113,885	120		125,06	129		54,51	61
114,235	120		125,32	129		54,506	63
114,51	121		125,515	130		54,664	63
115,135	121		125,8	130		54,846	63
115,45	122		126,18	131		55,088	63
115,725	123		126,475	131		55,07	63
116,165	123		126,665	131		55,36	63
116,735	124		127,265	132		55,39	63
117,065	125		127,6	132		55,424	63
117,11	124		127,96	133		55,624	63
117,745	124		128,355	133		55,57	63
118,07	124		128,575	133		55,528	63
118,67	126		129,325	134		55,67	63
119,085	126		129,525	134		56,082	63
119,685	126		129,815	136		55,956	63
120,025	127		130,175	136		55,862	63
120,175	129		131,185	136		55,846	63
120,505	128		131,495	136		56,176	63
120,925	129		131,805	137		56,042	63
121,52	130		132,115	137		55,988	63
122,55	133		132,715	138		56,002	63
123,13	133		133,23	138		56,178	63
124,155	137		133,725	140		56,35	63
125,145	134		134,015	140		56,406	63
125,7	133		134,795	141		56,65	63
126,38	133		135,36	141		56,916	63
126,675	132		136,135	141		57,042	63
126,86	134		136,775	142		56,952	64
127,38	135		137,24	143		56,8	64
127,6	133		137,66	143		57,028	64
127,85	134		138,05	143		57,21	64
127,77	134		138,315	144		57,33	64
128,205	135		138,69	144		57,306	64
128,855	137		139,03	146		57,54	64
129,405	136		139,585	146		57,428	64
130,035	137		140,39	146		57,446	64
130,17	139		140,82	147		57,376	64
130,82	140		141,66	148		57,762	64
131,385	139		142,345	149		57,77	64
132,06	141		143,14	149		57,646	64
132,71	142		143,78	149		57,554	64
133,135	141		144,395	150		57,488	64
133,645	141		144,64	150		57,376	64
134,12	142		145,07	150		57,58	64
134,335	142		145,575	150		57,734	64
134,79	142		145,81	151		57,746	64
135,39	145		146,005	151		57,922	64
135,855	144		146,12	151		57,796	65
136,31	143		146,33	151		58,062	65
136,735	144		146,675	151		57,972	65
136,825	145		147,365	151		58,01	65
137,04	144		147,74	151		58,044	65
137,395	146		147,925	152		58,092	65
137,495	143		147,97	152		58,146	65
137,54	145		148,335	153		58,144	65
137,655	145		148,49	153		58,588	65
138,005	144		149,04	154		58,524	65
137,98	144		149,44	154		58,476	65
138,13	145		149,7	154		58,374	65
138,59	147		150,105	155		58,264	65
139,075	146		150,365	155		58,57	65
139,515	149		150,655	155		58,382	65
140,415	150		151,1	157		58,31	65
141,21	151		151,52	157		58,464	65
142,255	153		152,225	158		58,326	65
142,925	150		152,875	158		58,412	65
143,415	150		153,37	158		58,574	65
143,555	152		153,755	158		58,846	65
143,775	152		153,92	158		58,772	65
143,775	150		154,195	159		58,768	65
143,975	150		154,47	159		58,782	65
144,33	151		154,785	159		58,72	66
144,44	151		154,95	159		58,666	66
144,575	152		155,215	160		58,924	66
144,51	150		155,545	161		59,146	66
144,7	151		155,805	161		59,466	66
144,62	151		155,98	161		59,394	66
144,715	152		156,385	161		59,518	66
144,77	151		156,855	162		59,746	66
144,815	151		157,3	162		59,49	66
144,85	151		157,725	162		59,452	66
144,835	151		158,055	163		59,542	66
144,78	153		158,67	163		59,404	66
144,865	153		158,96	164		59,408	66
144,915	152		159,37	166		59,062	66
145,425	153		159,625	166		59,35	66
145,735	156		159,765	166		59,53	66
145,725	155		160,14	167		59,45	66
146,06	155		160,525	167		59,786	66
146,11	154		161,19	167		59,776	66
146,455	155		161,41	167		59,622	66
146,62	153		161,865	167		59,496	66
146,93	156		162,23	168		59,602	66
146,935	153		162,525	168		59,37	66
147,11	155		162,585	168		60,07	67
147,425	153		162,63	168		60,1	67
147,405	154		163,125	168		59,972	67
147,24	153		163,34	168		60,338	67
147,225	154		163,65	169		60,146	67
147,105	153		163,745	169		60,348	67
147,255	154		163,94	169		60,246	67
147,45	155		164,16	169		60,28	67
147,62	156		164,41	169		60,336	67
148,4	155		164,59	170		60,082	67
148,555	156		164,685	170		60,128	68
148,75	156		164,6	170		60,334	68
148,775	157		164,775	170		60,348	68
148,805	157		164,845	170		60,176	68
148,915	157		165,21	170		60,394	68
149,2	159		165,6	170		60,524	68
149,555	158		165,67	171		60,24	68
150,11	159		165,81	171		60,222	68
150,315	160		166,205	172		60,262	68
150,92	159		166,565	172		60,162	68
151,215	160		166,945	172		60,346	68
151,855	159		167,545	172		60,194	68
152,165	158		167,67	172		60,384	68
152,615	159		167,71	172		60,484	68
152,915	159		168,015	172		60,584	68
153,225	160		167,975	173		60,778	68
153,185	159		168,01	173		60,848	68
153,235	161		168,05	173		60,718	68
152,905	159		168,385	173		60,77	68
153,145	160		168,515	173		60,704	68
153,445	160		168,795	173		60,788	68
153,365	161		169,155	174		60,778	68
153,69	161		169,44	174		61,06	68
153,92	163		169,84	174		60,802	68
154,02	163		170,03	175		60,976	68
154,22	163		170,17	175		60,936	68
154,58	162		170,27	175		61,328	68
154,555	161		170,04	175		61,188	68
154,875	162		170,435	176		61,22	68
154,78	161		170,715	176		60,87	68
154,875	161		171,035	176		61,174	68
154,845	161		171,29	176		61,22	68
154,59	161		171,5	176		61,14	68
154,615	162		171,84	177		61,362	68
154,685	162		171,925	177		61,572	68
154,765	163		172,475	178		61,442	68
154,91	162		172,71	178		61,672	68
155,52	163		173,205	178		61,496	68
155,83	163		173,56	178		61,686	68
155,965	163		174,01	180		61,412	68
155,98	162		174,425	180		61,562	69
156,015	164		174,75	180		61,91	69
156,25	167		174,885	181		61,966	69
156,41	165		175,425	181		61,82	69
156,725	163		175,42	181		61,892	69
156,99	164		175,875	181		61,9	69
156,6	164		176,37	182		61,938	69
156,415	163		176,815	182		62,04	69
156,88	164		177,065	182		62,066	69
157,15	166		177,625	183		61,892	69
157,68	164		177,78	183		61,866	69
157,8	165		177,96	184		61,964	69
157,735	164		178,265	184		62,04	69
157,675	164		178,59	184		62,094	69
157,68	164		178,755	184		61,938	69
157,615	164		179,175	186		61,938	69
157,92	165		179,45	186		62,226	69
158,04	166		179,805	186		62,362	69
158,205	164		179,965	186		62,238	69
158,205	164		180,015	186		62,406	69
158,24	165		180,21	186		62,632	69
158,625	167		180,49	186		62,432	69
158,615	165		180,84	187		62,454	69
158,47	166		181,155	187		62,526	69
158,175	165		181,515	187		62,58	69
158,63	166		181,98	187		62,464	69
158,81	165		182,565	188		62,19	69
159,02	166		182,485	188		62,192	69
158,845	165		182,625	189		62,364	69
158,7	166		182,91	189		62,42	69
158,875	167		183,03	189		62,652	69
159,3	165		183,235	189		63,098	69
159,815	166		183,66	189		63,068	69
159,585	167		184,01	189		62,932	69
159,635	167		184,135	189		62,9	69
159,34	166		184,175	189		62,894	69
159,265	166		183,77	189		62,844	69
159,555	169		184,135	189		62,76	69
159,355	166		184,645	190		62,788	69
159,48	166		184,94	190		62,824	69
159,635	168		185,27	190		62,732	69
159,95	167		185,205	190		62,664	69
159,92	168		185,19	190		62,754	69
160,285	168		185,455	190		63,032	69
160,165	168		185,235	190		63,138	69
160,505	167		185,42	190		63,052	69
160,785	170		185,33	190		62,838	69
160,74	170		185,42	190		62,704	69
161,285	170		185,695	190		62,584	69
161,53	169		185,63	190		62,516	69
161,515	170		185,595	190		62,626	69
162,105	169		185,64	190		62,658	69
162,5	170		185,815	190		62,742	69
162,89	169		185,845	190		62,862	69
163,325	169		185,735	191		62,8	69
163,275	170		185,48	191		62,754	69
163,415	170		185,705	191		62,752	69
163,59	171		186,325	191		62,732	69
163,73	171		186,505	191		62,646	69
163,325	170		186,66	191		62,46	69
163,215	173		186,43	191		62,748	69
163,37	173		186,32	191		62,854	69
163,635	172		186,375	191		63,018	69
164,1	173		186,755	191		62,952	69
164,385	172		186,85	191		62,95	69
164,6	174		186,6	191		62,936	69
164,63	174		186,565	191		62,764	69
164,555	173		186,57	191		62,858	69
164,585	174		186,415	191		62,482	69
165,255	174		186,5	191		62,716	69
165,015	171		186,815	192		62,92	69
165,34	175		186,735	192		62,786	69
165,7	173		187,075	192		62,788	69
165,685	173		187,265	192		62,652	69
165,88	174		187,435	192		62,59	69
165,955	173		187,41	192		62,69	69
165,64	173		187,44	192		62,626	69
165,59	174		187,6	192		62,778	69
165,845	173		187,755	192		62,548	69
165,61	173		188,06	193		62,74	69
165,785	173		188,345	193		62,612	69
165,77	174		188,13	193		62,872	69
165,805	172		188,485	193		62,534	69
165,895	173		188,5	193		62,812	69
165,925	173		188,48	193		62,922	69
166,425	174		188,65	193		62,734	69
166,24	172		188,655	193		62,812	69
166,3	174		188,98	193		62,922	69
166,44	173		189,12	193		62,87	69
166,215	173		189,08	194		62,582	69
166,21	173		188,82	194		63,054	69
165,915	172		188,9	194		62,91	69
165,95	174		189,39	194		63,1	69
166,19	172		189,415	194		63,08	69
166,34	172		189,285	194		62,804	69
165,98	173		189,075	194		62,736	69
166,325	173		189,25	194		62,918	69
166,1	173		189,24	194		62,802	69
166,5	173		189,535	194		62,77	69
166,505	174		189,88	194		63,026	69
166,585	175		190,065	194		63,044	69
166,965	174		190,095	194		62,972	69
166,95	175		189,895	194		63,05	69
166,975	174		189,865	194		63,07	69
166,945	175		189,75	194		62,908	69
166,745	173		190,395	194		62,946	69
166,645	173		190,655	194		62,842	70
166,97	176		190,65	195		62,736	70
167,22	175		190,73	195		62,884	70
167,28	176		190,72	195		62,91	70
167,735	176		190,635	195		62,796	70
167,8	174		190,565	195		62,684	70
168,455	176		190,735	195		62,9	70
168,66	177		190,55	195		63,024	70
169,17	177		190,255	195		62,984	70
168,99	175		190,235	195		62,914	70
169,205	178		190,315	195		62,56	70
169,005	175		190,605	195		62,542	70
168,705	176		190,865	195		62,642	70
168,715	176		191,13	195		63,016	70
169	177		191,145	195		62,984	70
168,895	176		191,23	195		62,996	70
168,865	176		191,115	195		62,956	71
169,375	181		191,34	195		63,068	71
169,685	178		191,08	195		63,092	71
170,075	178		190,925	195		63,038	71
170,1	179		190,9	196		63,052	71
170,73	179		190,985	196		63,29	71
170,775	179		191,01	196		63,332	71
170,55	178		191,11	196		63,35	71
170,66	179		191,115	196		63,146	71
170,575	181		191,255	196		63,02	71
170,335	179		191,455	196		62,938	71
170,52	178		191,675	196		63,084	71
170,755	178		191,715	196		63,138	71
170,9	178		191,505	196		63,148	71
171,165	179		191,615	196		63,17	71
170,865	178		191,505	196		63,168	71
170,76	179		191,77	196		63,32	71
170,93	177		191,675	196		63,262	71
170,99	179		191,785	196		63,554	71
171,05	179		192,09	196		63,444	71
171,495	179		192,16	196		63,294	71
171,855	179		192,08	196		63,682	71
171,35	178		192,09	196		63,77	71
171,155	177		192,105	196		63,644	71
171,105	179		191,915	196		63,916	71
171,22	181		192,23	196		63,644	71
171,675	181		192,215	196		63,602	71
172,16	181		192,305	196		63,726	71
172,18	180		192,025	196		63,616	71
172,315	179		192,335	196		63,742	71
172,35	180		192,065	196		63,808	71
172,205	181		192,16	196		64,14	71
172,035	181		192,315	196		64,152	71
172,15	181		192,395	196		64,042	71
172,555	179		192,245	196		64,124	71
172,44	180		192,28	197		64,062	71
172,5	181		192,575	197		64,402	71
172,51	178		192,28	197		64,466	71
172,435	180		192,26	197		64,654	72
172,175	179		192,255	197		64,532	72
171,8	179		192,46	197		64,43	72
171,5	179		192,49	197		64,404	72
171,715	179		192,445	197		64,116	72
171,75	180		192,605	197		64,076	72
171,56	181		192,885	197		64,238	72
171,55	180		193,025	197		64,718	72
171,645	179		192,875	197		64,778	72
171,85	180		192,935	197		64,626	72
172,42	180		193,195	197		64,932	72
172,73	182		193,075	197		64,996	72
172,76	181		193,07	197		64,92	72
173,265	181		193,025	197		64,724	72
173,29	182		193,25	197		64,722	72
173,14	179		193,22	197		64,712	72
173,245	181		193,045	197		64,824	72
173,595	181		193,355	197		64,802	72
174,01	182		193,225	197		64,57	72
174,195	181		193,17	197		64,556	72
174,215	181		193,255	197		64,692	72
174,27	181		192,83	197		64,732	72
173,96	180		192,66	197		64,58	72
174,175	182		193,03	197		64,674	72
174,145	181		193,305	197		64,892	72
173,915	181		193,325	197		64,658	72
173,905	182		193,45	197		64,6	72
173,945	182		193,565	197		65,22	73
174,4	181		193,575	197		65,04	73
174,855	183		193,1	197		64,978	73
174,89	181		193,045	197		64,84	73
174,765	182		193,225	197		64,718	73
174,82	184		193,17	197		64,676	73
174,345	180		193,415	197		64,914	73
174,21	181		193,365	197		64,926	73
174,21	183		193,475	197		65,074	73
174,33	182		193,425	197		65,194	73
174,455	181		193,41	197		65,328	73
174,56	181		193,385	197		65,318	73
174,395	181		193,19	197		65,422	73
174,13	180		192,775	197		65,432	73
174,065	180		192,865	197		65,302	73
174,35	182		193,045	197		65,306	73
174,275	182		193,18	197		65,39	73
174,185	183		193,02	197		65,304	73
174	183		193,085	197		65,134	73
173,975	180		193,09	197		65,32	73
173,92	181		193,215	197		65,566	73
174,355	182		193,005	197		65,622	73
174,475	182		192,79	197		65,684	73
174,97	182		192,725	197		65,786	73
174,985	182		192,97	197		66,068	73
175,38	184		192,97	197		65,888	73
175,825	183		193,12	197		66,01	73
175,985	184		193,17	197		65,746	73
175,87	183		193,17	197		65,756	73
175,99	182		193,32	197		65,498	74
176,085	183		193,145	197		65,582	74
176,13	182		193,505	197		65,722	74
175,98	184		193,63	197		65,814	74
175,8	182		193,445	197		66,03	74
175,715	182		193,565	197		66,014	74
175,58	184		193,355	197		65,57	74
175,92	184		193,19	197		65,534	74
176,085	184		193,36	197		65,444	74
175,945	185		193,595	197		65,604	74
175,92	183		193,445	198		66,034	74
175,865	184		193,595	198		65,852	74
175,775	182		193,62	198		65,824	74
175,27	182		193,505	198		65,728	74
175,135	184		193,495	198		65,724	74
175,29	182		193,385	198		65,994	74
175,575	184		193,685	198		66,328	74
175,845	183		193,405	198		66,596	74
175,255	183		193,065	198		66,26	74
175,29	182		192,9	198		66,248	74
175,145	184		193,175	198		66,292	74
175,23	182		193,4	198		66,346	74
175,165	183		193,63	198		66,542	74
175,205	182		193,775	198		66,368	74
175,39	181		193,595	198		66,534	74
175,2	182		193,46	198		66,78	74
175,065	185		193,395	198		66,938	74
175,315	185		193,08	198		66,906	74
175,545	184		193,01	198		66,906	74
175,675	184		193,18	198		67,104	74
175,59	186		193,27	198		67,09	74
175,695	184		193,55	198		67,02	74
176,095	183		193,955	198		66,772	74
176,11	184		194,115	198		66,542	74
176,09	184		194,165	198		66,554	74
175,625	183		194,025	198		66,674	74
176,425	183		194,19	198		66,34	74
176,795	185		194,31	198		66,458	74
177,11	185		194,405	198		66,758	74
177,345	185		194,125	198		66,776	75
177,28	184		194,245	198		67,274	75
177,07	185		194,07	198		67,268	75
176,94	187		194,295	198		67,498	75
176,63	185		194,01	198		67,528	75
176,725	185		194,28	198		67,588	75
176,65	183		194,26	198		67,424	75
176,645	184		194,625	198		67,478	75
176,515	187		194,35	198		67,538	75
176,205	186		194,335	198		67,552	75
176,325	188		194,605	198		67,468	75
176,02	185		194,5	198		67,432	75
176,285	183		194,52	198		67,624	75
176,175	182		194,16	198		67,58	75
176,03	182		194,245	198		67,536	75
175,9	184		194,335	198		67,33	75
176,385	184		194,44	198		67,464	75
176,2	184		194,335	198		67,256	75
176,295	183		194,285	198		67,634	75
176,045	182		194,14	198		67,62	75
175,865	182		194,155	199		67,882	75
175,82	182		194,09	199		67,716	75
176,05	182		194,26	199		67,94	75
175,555	184		194,365	199		67,938	75
175,36	183		194,49	199		67,828	75
175,525	182		194,625	199		67,856	75
175,675	184		194,41	199		67,83	75
176,08	184		194,305	199		67,55	75
176,01	184		194,155	199		67,402	75
176,245	185		194,075	199		67,54	75
176,325	185		194,27	199		67,676	75
176,395	184		194,505	199		67,966	75
176,44	185		194,675	199		68,11	75
176,085	185		194,92	199		68,214	76
176,455	185		194,7	199		68,33	76
176,565	184		194,7	199		68,092	76
176,295	187		194,52	199		67,946	76
176,495	185		194,955	199		67,854	76
177,01	184		195,235	199		67,696	76
177,035	184		195,01	199		67,588	76
177,115	185		195,155	199		67,614	76
177,13	186		195,08	199		67,732	76
177,295	186		194,875	199		67,964	76
177,165	184		194,99	199		68,16	76
177,235	183		194,975	199		68,288	76
177,39	186		195,01	199		68,548	76
177,44	185		195,175	199		68,534	76
177,145	183		195	199		68,63	76
176,96	184		195,055	199		68,61	76
176,8	184		195,235	199		68,65	76
176,82	185		195,075	199		68,446	76
176,685	184		194,995	199		68,676	76
177,215	185		194,875	199		68,418	76
176,87	186		194,665	199		68,59	76
176,855	184		195,155	199		68,436	77
176,825	184		195,385	199		68,534	77
176,65	183		195,5	199		68,558	77
176,61	183		195,265	199		68,744	77
176,9	183		195,29	199		68,776	77
176,765	185		195,14	199		68,848	77
176,585	185		195,075	199		68,644	77
176,485	185		194,735	199		68,16	77
176,5	185		194,755	199		68,522	77
176,285	184		194,845	199		68,766	77
176,34	187		194,94	199		68,88	77
176,67	186		195,06	199		68,99	77
176,725	185		194,825	199		68,842	77
177,015	185		194,795	199		68,702	77
177,265	186		194,86	199		68,976	78
177,515	186		194,6	199		68,898	78
177,915	186		194,435	199		68,974	78
177,84	187		194,75	199		69,478	78
177,825	187		194,675	199		69,524	78
177,765	186		194,55	199		69,816	78
177,655	184		194,945	199		70,092	78
177,605	184		195,245	199		70,054	78
177,85	187		195,165	199		70	78
177,825	188		195,115	199		69,978	78
178	187		194,885	199		70,276	78
178,195	188		195,12	199		70,48	78
178,245	186		195,055	199		70,708	78
178,245	186		195,13	199		70,966	78
178,285	185		195,215	199		70,698	78
178,425	185		194,785	199		70,534	78
178,435	187		194,865	199		70,668	78
178,345	187		195,005	199		70,898	78
178,105	187		195,055	199		70,868	78
178,29	187		195,38	199		71,002	78
178,245	187		195,415	199		70,944	78
178,475	187		195,325	199		70,94	78
178,67	185		195,355	199		70,68	78
178,485	187		195,21	199		70,938	78
178,635	191		195,11	199		71,026	78
178,91	190		195,1	199		71,134	78
179,185	188		194,825	199		70,728	78
179,425	187		195,095	199		70,78	78
179,27	188		195,025	199		70,634	78
179,775	186		194,995	199		70,814	78
179,905	189		194,91	199		71,25	78
179,76	190		195,265	199		71,332	78
179,725	187		195,335	199		71,436	78
179,705	190		195,315	199		71,344	78
179,45	187		195,335	199		71,312	78
179,435	187		195,31	199		71,488	78
179,45	187		195,24	199		71,598	78
179,2	188		195,175	199		71,352	78
179,1	187		195,285	199		71,246	78
178,775	186		195,5	199		71,342	78
178,38	185		195,5	199		71,618	78
178,395	184		195,38	199		71,326	78
178,075	186		195,185	199		71,302	78
178,07	185		195,035	199		71,382	78
178,195	184		194,83	199		71,192	78
178,22	185		194,89	199		71,284	78
177,835	184		195,045	199		71,058	78
177,515	187		195,41	199		71,254	78
177,615	187		195,175	199		71,502	78
177,085	185		195,315	199		71,31	78
176,915	185		195,045	199		71,276	78
176,905	185		195,135	199		71,186	78
176,745	186		195,16	200		71,106	78
177,04	186		195,395	200		71,16	78
176,97	184		195,285	200		70,978	78
176,985	185		195,075	200		71,054	78
176,805	184		195,11	200		71,092	78
177,01	186		195,185	200		71,08	78
177,365	186		195,31	200		71,354	78
177,49	185		195,005	200		71,25	78
177,345	188		195,06	200		71,338	78
177,26	187		195,225	200		71,26	78
177,37	184		195,505	200		71,02	78
177,515	184		195,4	200		70,914	78
177,96	186		195,53	200		71,132	78
178,095	185		195,595	200		70,964	79
178,06	185		195,725	200		71,334	79
177,81	184		195,94	200		70,77	79
177,86	185		195,865	200		70,868	79
177,795	185		196,045	200		70,976	79
177,77	188		195,98	200		70,84	79
177,88	186		196,01	200		71,176	79
178,07	187		195,79	200		71,228	79
178,15	186		195,925	200		71,298	79
178,05	186		195,865	200		71,13	79
178,24	185		196,05	200		71,09	79
178,335	186		196,175	200		71,148	79
178,395	185		196,385	200		71,204	79
178,32	185		196,29	200		71,12	79
178,36	185		196,26	200		71,046	79
178,595	186		196,215	200		70,768	79
178,715	188		196,14	200		70,974	79
179,015	186		196,17	200		71,062	79
178,97	186		196,15	200		71,002	79
178,99	186		196,005	200		71,206	79
179,285	187		195,935	200		71,19	79
178,91	187		196,055	200		71,288	79
178,79	186		196,01	200		71,138	79
178,495	186		196,21	200		71,044	79
178,21	187		196,435	200		71,108	79
178,205	187		196,065	200		71,164	79
177,995	185		196,36	200		71,074	79
177,935	185		196,11	200		71,184	79
178,1	186		196,225	200		71,308	79
177,73	188		196,345	200		71,394	79
177,86	184		196,295	200		71,414	79
177,715	185		195,8	200		71,25	79
177,9	184		196,14	200		71,128	79
177,855	185		195,985	200		71,39	79
178,005	185		196,21	200		71,41	79
177,92	186		195,925	200		71,208	79
177,92	186		196,02	200		71,102	79
177,91	186		196,065	200		71,32	79
178,12	187		195,875	200		71,01	79
177,845	186		195,965	200		71,082	79
177,82	186		195,91	200		71,206	79
177,765	185		195,69	200		71,258	79
178,065	186		195,66	200		71,304	79
178,28	185		195,525	200		71,03	79
178,38	185		195,35	200		70,942	79
178,295	185		195,75	200		71,314	79
177,99	186		195,825	200		71,604	79
177,8	183		195,91	200		71,542	79
177,465	184		195,78	200		71,736	79
177,305	184		196,235	200		71,516	79
176,99	184		196,115	200		71,214	79
177,035	184		195,995	200		71,324	79
176,97	188		195,87	200		71,384	79
177,21	186		195,945	200		71,428	79
177,33	185		195,84	200		71,602	79
177,06	185		195,625	200		71,4	79
177,1	185		195,74	200		71,408	79
177,04	186		195,73	200		71,694	79
177,035	184		195,93	200		71,518	79
176,785	184		196,125	200		71,532	79
176,84	183		196	200		71,59	79
176,965	183		196,345	200		71,684	80
176,95	184		195,995	200		71,4	80
176,795	183		196,185	200		71,378	80
176,5	184		196,355	200		71,11	80
176,285	185		196,345	200		71,154	80
176,26	184		196,24	200		71,138	80
176,355	185		196,195	200		71,36	80
176,095	185		196,03	200		71,434	80
175,785	184		196,135	200		71,728	80
175,52	184		196,24	200		72,15	80
175,3	183		196,52	200		72,334	80
175,18	184		196,405	200		72,696	80
175,615	183		196,25	200		72,564	80
175,625	182		195,905	200		72,412	80
175,47	184		195,83	200		72,418	80
175,485	183		195,71	200		72,556	80
175,5	183		195,875	200		72,276	80
175,655	185		195,99	200		72,25	80
175,915	185		195,96	200		72,176	80
175,81	183		196,34	200		72,352	80
175,905	182		196,24	200		72,426	80
176,195	183		196,23	200		72,422	80
176,09	184		196,415	200		72,188	80
176,115	182		196,365	200		72,218	80
175,84	183		196,215	200		72,226	80
175,665	181		196,275	200		72,434	80
175,75	183		196,16	200		72,574	80
175,235	182		196,3	200		72,7	80
175,08	182		196,435	200		72,76	80
175,085	184		196,32	200		72,75	80
174,755	182		196,355	200		72,808	80
175,28	183		196,22	200		72,652	80
175,035	182		196,19	200		72,17	80
174,95	182		196,31	200		72,21	80
175,105	184		196,005	200		72,426	80
174,905	182		195,81	200		72,302	80
174,83	182		195,885	200		72,6	80
174,83	182		195,84	200		72,586	81
175,005	183		195,86	200		72,646	81
175,175	184		195,67	200		72,692	81
175,23	183		195,625	200		72,516	81
175,155	183		195,665	200		72,44	81
175,325	183		196	200		72,46	81
175,32	184		195,795	200		72,452	81
175,695	183		195,98	200		72,64	81
175,47	183		196,18	200		72,824	81
175,44	183		196,23	200		72,91	81
175,455	183		196,36	200		72,69	81
176,08	183		196,53	200		73,068	81
175,975	184		196,41	200		72,794	81
175,95	184		196,34	200		72,78	81
175,69	182		196,195	200		72,916	81
175,545	182		196,065	200		72,892	81
175,63	182		196,165	200		72,912	81
175,355	184		196,045	200		72,922	81
175,155	184		195,96	200		72,99	81
174,945	183		195,91	200		72,702	81
175,215	182		196,13	200		72,926	81
175,18	182		196,375	200		72,96	81
175,145	183		196,42	200		73,09	81
175,09	183		196,52	200		72,824	81
175,055	183		196,43	200		72,84	81
175,16	182		196,215	200		72,928	81
175,32	182		195,96	200		73,206	81
175,27	183		195,98	200		73,092	81
175,235	184		195,92	200		72,98	81
175,335	181		195,88	200		72,956	81
175,085	184		195,7	200		73,03	81
174,94	182		196,145	200		73,232	81
175,57	183		196,1	200		73,194	81
175,78	182		196,22	200		73,058	81
176,015	183		196,24	200		73,172	81
176,37	183		195,975	200		73,116	81
175,78	184		195,74	200		73,108	81
175,51	183		195,76	200		72,998	81
175,37	184		195,975	200		73,26	81
175,245	183		196	200		73,116	81
175,635	183		196,035	200		73,008	81
175,715	185		196,07	200		72,848	81
175,76	183		196,125	200		72,982	81
175,675	184		196,47	200		72,972	81
175,85	184		196,255	200		72,644	81
176,065	185		196,135	200		73,122	81
175,915	183		195,92	200		73,15	81
175,755	182		195,855	200		73,272	81
175,91	184		196,22	200		73,172	81
175,98	184		195,95	200		73,488	81
176,05	184		196,15	200		73,404	81
176,1	184		195,725	200		73,506	81
176,37	184		196,055	200		73,144	81
176,505	183		195,995	200		73,374	81
176,555	184		195,92	200		73,47	81
176,385	183		196,28	200		73,366	81
176,295	186		196,305	200		73,278	81
175,965	183		196,175	200		73,028	81
175,865	184		196,105	200		73,064	81
175,945	185		196,13	200		73,154	81
175,705	183		196,13	200		73,138	81
175,605	182		196,17	200		73,208	81
175,53	184		196,2	200		73,23	81
175,885	184		195,88	200		73,326	81
175,72	186		195,98	200		73,414	81
175,8	183		196,02	200		73,274	81
175,78	183		196,095	200		73,508	81
175,53	183		196,2	200		73,138	81
175,715	184		196,2	200		73,256	81
175,765	184		195,9	200		73,532	81
176,17	188		195,96	200		73,638	81
176,41	184		195,87	200		73,322	81
177,08	185		195,635	200		73,496	81
177,2	187		195,615	200		73,478	81
177,38	188		195,645	200		73,554	81
177,87	186		195,5	200		73,722	81
178,155	186		196,115	200		73,556	81
178,205	186		196,07	200		73,8	81
178,245	184		195,99	200		73,74	81
178,01	183		195,98	200		73,6	81
177,645	185		196,085	200		73,43	81
177,215	185		195,96	200		73,752	81
177,595	186		196,02	200		73,688	81
177,895	187		196,07	200		73,764	81
177,88	187		196,23	200		73,892	81
177,96	189		196,185	200		73,97	81
178,07	187		196,105	200		73,976	81
178,61	187		195,955	200		73,704	81
178,38	187		195,775	200		73,556	81
178,4	188		195,82	200		73,278	81
178,855	185		195,85	200		73,266	81
178,785	188		196,16	200		73,19	81
178,78	186		195,83	200		73,492	81
178,445	186		195,83	200		73,878	81
178,54	185		196,01	200		73,844	81
178,56	186		196,54	200		73,702	81
178,875	185		196,575	200		74,142	81
178,96	186		196,325	200		73,968	81
179,065	186		196,04	200		74,058	81
179,02	186		196,025	200		74,114	81
179,065	186		196,22	200		74,052	81
179,035	185		196,05	200		73,978	81
179,16	185		195,845	200		74,112	81
179,12	186		195,555	200		73,664	81
178,965	187		195,63	200		73,75	81
178,97	186		195,94	200		73,844	81
179,005	186		196,185	200		73,796	81
178,985	187		196,07	200		73,556	81
178,915	187		196,14	200		73,544	81
178,99	186		195,9	200		73,73	81
178,97	185		195,8	200		73,682	81
179,115	185		195,89	200		73,748	81
178,89	187		195,98	200		73,686	81
178,82	184		196,105	200		73,912	81
178,555	185		196,115	200		73,888	81
178,67	186		196,05	200		74,192	81
178,155	187		196,05	200		74,126	81
178,53	186		195,93	200		73,778	81
178,205	185		196,12	200		73,62	81
178,05	186		196,445	200		73,558	81
178,13	185		196,515	200		73,574	81
177,69	184		196,515	200		73,814	81
177,425	186		196,375	200		73,774	81
177,75	186		195,785	200		73,88	81
177,635	186		195,71	200		74,018	81
178,2	186		195,67	200		74,016	81
178,225	188		195,685	200		74,06	81
177,89	188		196,005	200		73,892	81
178,275	185		196,025	200		73,812	81
178,43	186		196,21	200		74,158	81
178,64	188		195,825	200		74,084	81
178,25	187		196,24	200		74,006	81
178,54	185		196,145	200		73,888	81
178,39	184		196,265	200		73,736	81
178,4	185		196,07	200		73,554	81
178,675	185		195,88	200		73,808	81
178,62	187		196,135	200		73,744	81
178,325	187		196,26	200		73,844	81
178,14	185		196,265	200		73,936	81
178,105	185		196,21	200		73,926	81
178,025	186		196,425	200		73,768	81
177,925	185		196,455	200		73,916	81
177,85	185		196,415	200		74,118	81
177,685	185		196,38	200		73,926	81
177,36	186		196,185	200		73,764	81
177,21	185		196,27	200		73,778	81
177,28	184		195,86	200		73,444	81
177,415	185		195,955	200		73,132	81
177,205	188		195,945	200		73,224	81
177,235	186		195,93	200		73,406	81
177,34	185		195,79	200		73,352	81
177,415	185		195,755	200		73,934	81
177,23	185		196,03	200		73,848	81
177,32	184		196,205	200		73,816	81
177,21	186		196,005	200		73,936	81
177,49	186		196,17	200		74,144	81
177,49	185		196,25	200		73,93	81
177,505	184		195,805	200		73,872	81
177,44	184		196,06	200		73,91	81
177,175	185		195,995	200		73,752	81
177,1	185		196,035	200		73,74	81
177,24	184		196,205	200		73,67	81
177,4	185		196,26	200		73,67	81
177,185	186		196,58	200		73,666	81
177,275	185		196,35	200		73,53	81
177,23	184		196,155	200		73,616	81
177,22	184		196,35	200		74,064	81
177,16	184		196,395	200		73,938	81
177,335	184		196,365	200		74,054	81
177,13	185		196,3	200		73,932	81
176,92	183		196,305	200		73,714	81
176,5	183		196,25	200		73,748	81
176,595	183		196,035	200		74,018	81
176,465	183		196,04	200		73,758	81
176,35	184		196,22	200		73,546	81
176,35	184		196,365	200		73,738	81
176,115	182		195,865	200		73,944	81
175,87	184		196	200		74,238	81
175,485	182		195,875	200		73,778	81
175,54	185		195,815	200		73,688	81
175,425	182		195,925	200		73,432	81
175,71	183		195,945	200		73,546	81
175,66	182		196,05	200		73,452	81
175,56	183		196,285	200		73,788	81
175,845	183		196,105	200		73,57	81
175,865	182		196,31	200		73,584	81
175,935	182		195,895	200		73,404	81
175,785	184		196,185	200		73,404	81
175,59	182		196,175	200		73,536	81
175,64	183		196,145	200		73,52	81
175,33	184		196,295	200		73,756	81
175,305	185		196,26	200		74,012	81
175,345	184		196,17	200		73,876	81
175,12	182		196,32	200		73,942	81
174,965	182		196,34	200		73,896	81
174,74	182		196,23	200		73,848	81
174,785	183		196,255	200		73,566	81
174,8	182		196,505	200		73,668	81
174,895	183		196,14	200		73,496	81
174,92	183		196,21	200		73,216	81
175,24	184		196,335	200		73,506	81
174,965	183		196,56	200		73,364	81
174,955	181		196,235	200		73,356	81
174,985	185		196,335	200		73,684	81
175,16	185		196,42	200		73,792	81
175,69	185		196,34	200		73,512	81
175,685	182		196,575	200		73,434	81
175,99	184		196,68	200		73,616	81
176,05	184		196,305	200		73,588	81
176,165	184		196,345	200		73,568	82
176,42	184		196,325	200		73,88	82
176,49	184		196,355	200		73,926	82
176,37	185		196,22	200		73,85	82
176,725	187		196,49	200		74,198	82
176,775	186		196,165	200		73,964	82
176,935	184		196,095	200		73,792	82
176,955	185		196,265	200		73,724	82
176,99	184		195,995	200		73,724	82
176,805	184		195,885	200		73,674	82
177,085	185		195,9	200		73,576	82
177,29	185		196,115	200		73,656	82
177,43	185		196,24	200		73,692	82
177,39	185		196,4	200		73,764	82
177,69	185		196,16	200		73,786	82
178,135	186		195,885	200		73,986	82
178,015	187		196,185	200		74,07	82
178,215	188		196,04	200		74,044	82
178,21	186		196,12	200		74,1	82
178,225	186		196,065	200		73,498	82
178,32	186		196,325	200		73,66	82
178,07	187		196,325	200		73,492	82
178,035	186		196,18	200		73,432	82
177,925	186		196,3	200		73,904	82
177,735	184		196,525	200		73,584	82
177,68	185		196,46	200		73,672	82
177,87	184		196,085	200		73,804	82
178,045	184		196,04	200		74,044	82
177,92	186		196,065	200		73,808	82
177,565	184		195,93	200		73,578	82
177,09	184		196,07	200		73,682	82
176,95	184		196,125	200		73,824	82
177,195	185		196,275	200		73,754	82
176,92	183		196,185	200		73,62	82
176,925	185		195,84	200		73,808	82
176,525	184		195,805	200		74,098	82
176,495	182		196,035	200		74,114	82
176,245	185		196,095	200		74,056	82
176,53	185		195,9	200		73,832	82
176,065	185		196,07	200		73,936	82
176,1	183		195,945	200		73,946	82
175,96	186		196,205	200		73,96	82
176,35	185		196,44	200		73,7	82
176,43	185		196,135	200		73,474	82
